0.419 0.744 0.934 0.751 0.238 0.610 0.523 0.785 0.586 0.347 
0.950 0.589 0.024 0.872 0.221 0.688 0.089 0.275 0.786 0.826 
0.550 0.926 0.329 0.451 0.250 0.644 0.432 0.238 0.937 0.131 
0.945 0.263 0.125 0.061 0.220 0.527 0.359 0.750 0.357 0.529 
0.294 0.242 0.393 0.029 0.990 0.468 0.598 0.857 0.152 0.891 
0.616 0.431 0.998 0.259 0.223 0.208 0.770 0.154 0.512 0.307 
0.039 0.727 0.800 0.426 0.385 0.391 0.387 0.835 0.218 0.257 
0.155 0.324 0.191 0.759 0.675 0.292 0.171 0.061 0.399 0.865 
0.108 0.672 0.737 0.628 0.608 0.449 0.845 0.728 0.784 0.715 
0.892 0.021 0.275 0.884 0.607 0.418 0.829 0.062 0.350 0.629 
0.587 0.991 0.119 0.911 0.965 0.945 0.162 0.455 0.735 0.855 
0.531 0.836 0.318 0.589 0.448 0.420 0.572 0.434 0.359 0.544 
0.862 0.235 0.884 0.764 0.351 0.078 0.492 0.475 0.938 0.559 
0.330 0.099 0.816 0.974 0.519 0.794 0.653 0.659 0.888 0.701 
0.969 0.533 0.197 0.494 0.774 0.994 0.736 0.925 0.743 0.856 
0.953 0.201 0.664 0.516 0.481 0.201 0.552 0.869 0.942 0.400 
0.083 0.535 0.837 0.866 0.694 0.704 0.377 0.933 0.026 0.602 
0.979 0.056 0.473 0.263 0.932 0.004 0.865 0.318 0.956 0.770 
0.033 0.469 0.769 0.361 0.152 0.804 0.238 0.600 0.330 0.377 
0.807 0.473 0.182 0.919 0.812 0.385 0.028 0.514 0.013 0.129 
0.681 0.349 0.686 0.112 0.419 0.746 0.037 0.590 0.678 0.768 
0.341 0.596 0.821 0.964 0.494 0.192 0.239 0.163 0.007 0.429 
0.535 0.096 0.877 0.691 0.743 0.181 0.233 0.414 0.004 0.348 
0.424 0.980 0.558 0.611 0.206 0.003 0.405 0.938 0.585 0.093 
0.844 0.842 0.736 0.986 0.905 0.049 0.879 0.337 0.786 0.086 
0.453 0.602 0.105 0.546 0.863 0.535 0.454 0.632 0.296 0.788 
0.997 0.562 0.544 0.584 0.162 0.993 0.286 0.375 0.957 0.458 
0.900 0.304 0.503 0.363 0.518 0.076 0.896 0.475 0.889 0.972 
0.912 0.249 0.209 0.222 0.060 0.607 0.369 0.017 0.834 0.428 
0.640 0.345 0.036 0.773 0.447 0.022 0.265 0.664 0.766 0.123 
0.232 0.704 0.087 0.718 0.083 0.233 0.264 0.814 0.318 0.098 
0.347 0.328 0.438 0.649 0.730 0.534 0.783 0.241 0.921 0.855 
0.324 0.567 0.139 0.749 0.173 0.722 0.140 0.986 0.614 0.556 
0.509 0.055 0.860 0.324 0.432 0.883 0.677 0.602 0.299 0.896 
0.395 0.587 0.985 0.538 0.951 0.232 0.247 0.715 0.352 0.748 
0.388 0.617 0.876 0.925 0.053 0.133 0.179 0.439 0.335 0.526 
0.611 0.689 0.851 0.091 0.707 0.484 0.644 0.654 0.341 0.593 
0.553 0.615 0.077 0.313 0.202 0.372 0.315 0.194 0.362 0.118 
0.419 0.820 0.019 0.357 0.591 0.088 0.610 0.896 0.080 0.013 
0.454 0.310 0.043 0.097 0.606 0.748 0.711 0.925 0.832 0.559 
0.398 0.535 0.645 0.722 0.136 0.967 0.247 0.884 0.697 0.042 
0.112 0.036 0.330 0.355 0.837 0.073 0.700 0.558 0.599 0.509 
0.596 0.360 0.688 0.994 0.128 0.751 0.941 0.129 0.098 0.008 
0.193 0.994 0.607 0.612 0.365 0.857 0.247 0.418 0.922 0.971 
0.477 0.061 0.424 0.504 0.346 0.802 0.270 0.128 0.579 0.793 
0.645 0.203 0.076 0.579 0.991 0.515 0.271 0.356 0.174 0.923 
0.264 0.833 0.783 0.791 0.035 0.570 0.635 0.681 0.057 0.689 
0.751 0.511 0.741 0.800 0.523 0.589 0.275 0.000 0.181 0.501 
0.014 0.477 0.188 0.721 0.452 0.262 0.803 0.273 0.688 0.265 
0.171 0.347 0.480 0.934 0.082 0.931 0.852 0.471 0.260 0.536 
0.403 0.570 0.575 0.647 0.484 0.522 0.841 0.561 0.001 0.411 
0.734 0.776 0.736 0.570 0.646 0.801 0.730 0.362 0.722 0.660 
0.955 0.354 0.363 0.088 0.532 0.912 0.927 0.225 0.459 0.303 
0.864 0.755 0.439 0.419 0.193 0.387 0.987 0.578 0.520 0.719 
0.507 0.231 0.997 0.924 0.670 0.371 0.232 0.855 0.462 0.899 
0.896 0.703 0.531 0.649 0.607 0.369 0.610 0.431 0.957 0.623 
0.603 0.244 0.519 0.100 0.528 0.679 0.936 0.102 0.968 0.837 
0.431 0.559 0.076 0.569 0.524 0.550 0.505 0.614 0.856 0.235 
0.002 0.061 0.781 0.701 0.651 0.576 0.868 0.139 0.411 0.931 
0.968 0.618 0.747 0.263 0.574 0.915 0.749 0.051 0.408 0.754 
0.481 0.305 0.674 0.467 0.021 0.824 0.746 0.569 0.573 0.219 
0.353 0.694 0.672 0.920 0.067 0.992 0.857 0.032 0.098 0.834 
0.231 0.280 0.471 0.351 0.770 0.060 0.713 0.251 0.584 0.816 
0.592 0.178 0.641 0.782 0.512 0.079 0.195 0.115 0.886 0.340 
0.267 0.338 0.637 0.542 0.286 0.875 0.694 0.537 0.124 0.069 
0.342 0.388 0.564 0.820 0.009 0.757 0.892 0.414 0.426 0.126 
0.835 0.079 0.792 0.123 0.085 0.686 0.318 0.229 0.400 0.156 
0.844 0.133 0.530 0.454 0.760 0.929 0.018 0.711 0.212 0.786 
0.976 0.776 0.760 0.285 0.246 0.781 0.686 0.563 0.170 0.897 
0.203 0.075 0.882 0.759 0.659 0.817 0.319 0.343 0.711 0.724 
0.838 0.540 0.212 0.375 0.117 0.928 0.242 0.272 0.518 0.010 
0.381 0.640 0.898 0.058 0.736 0.399 0.949 0.654 0.134 0.426 
0.044 0.868 0.719 0.414 0.271 0.643 0.610 0.014 0.930 0.593 
0.060 0.446 0.227 0.867 0.065 0.460 0.299 0.943 0.125 0.369 
0.288 0.205 0.840 0.534 0.131 0.168 0.857 0.765 0.619 0.318 
0.945 0.361 0.896 0.160 0.820 0.536 0.086 0.425 0.704 0.203 
0.376 0.393 0.502 0.389 0.309 0.512 0.925 0.003 0.150 0.781 
0.617 0.411 0.435 0.518 0.337 0.564 0.593 0.106 0.207 0.320 
0.423 0.363 0.297 0.189 0.683 0.181 0.185 0.417 0.815 0.080 
0.245 0.278 0.896 0.300 0.068 0.535 0.845 0.580 0.797 0.110 
0.455 0.585 0.190 0.630 0.165 0.516 0.639 0.018 0.697 0.468 
0.219 0.293 0.863 0.127 0.025 0.755 0.302 0.735 0.272 0.744 
0.811 0.304 0.470 0.809 0.985 0.990 0.689 0.665 0.288 0.932 
0.875 0.725 0.447 0.055 0.406 0.389 0.209 0.212 0.512 0.125 
0.560 0.116 0.894 0.221 0.013 0.544 0.407 0.308 0.467 0.129 
0.484 0.359 0.492 0.332 0.438 0.874 0.543 0.232 0.328 0.188 
0.016 0.862 0.489 0.880 0.551 0.912 0.123 0.616 0.027 0.539 
0.304 0.281 0.719 0.276 0.383 0.085 0.800 0.595 0.328 0.259 
0.807 0.036 0.985 0.675 0.828 0.751 0.886 0.351 0.726 0.365 
0.111 0.572 0.413 0.433 0.811 0.354 0.924 0.296 0.038 0.504 
0.632 0.654 0.654 0.487 0.557 0.091 0.296 0.553 0.999 0.221 
0.456 0.746 0.310 0.284 0.091 0.153 0.063 0.583 0.284 0.963 
0.513 0.904 0.049 0.646 0.180 0.188 0.256 0.103 0.442 0.605 
0.069 0.986 0.943 0.787 0.986 0.338 0.304 0.923 0.363 0.498 
0.265 0.035 0.726 0.522 0.442 0.359 0.640 0.175 0.597 0.482 
0.496 0.850 0.471 0.909 0.123 0.790 0.203 0.158 0.012 0.479 
0.239 0.491 0.285 0.419 0.863 0.271 0.511 0.855 0.787 0.950 
0.129 0.453 0.425 0.814 0.240 0.286 0.822 0.338 0.990 0.739 
0.305 0.914 0.525 0.277 0.058 0.392 0.548 0.940 0.849 0.496 
0.083 0.142 0.342 0.641 0.454 0.558 0.025 0.399 0.658 0.957 
0.492 0.979 0.228 0.873 0.010 0.851 0.083 0.845 0.001 0.456 
0.207 0.646 0.354 0.221 0.032 0.374 0.411 0.938 0.451 0.786 
0.673 0.964 0.473 0.254 0.195 0.139 0.793 0.218 0.992 0.999 
0.293 0.108 0.338 0.104 0.856 0.291 0.394 0.945 0.526 0.272 
0.177 0.652 0.843 0.816 0.264 0.698 0.006 0.520 0.616 0.086 
0.030 0.394 0.994 0.682 0.975 0.636 0.645 0.587 0.176 0.668 
0.064 0.678 0.754 0.711 0.801 0.288 0.221 0.684 0.434 0.801 
0.801 0.322 0.842 0.578 0.416 0.312 0.671 0.292 0.985 0.500 
0.929 0.236 0.560 0.301 0.513 0.141 0.868 0.915 0.155 0.615 
0.538 0.328 0.817 0.568 0.547 0.658 0.628 0.227 0.541 0.509 
0.264 0.769 0.557 0.054 0.331 0.670 0.964 0.389 0.617 0.458 
0.984 0.908 0.601 0.057 0.329 0.910 0.530 0.051 0.363 0.690 
0.664 0.303 0.769 0.821 0.490 0.349 0.032 0.572 0.717 0.573 
0.413 0.241 0.517 0.030 0.778 0.640 0.662 0.540 0.382 0.439 
0.484 0.998 0.899 0.367 0.527 0.536 0.443 0.082 0.859 0.422 
0.260 0.605 0.290 0.166 0.279 0.629 0.282 0.984 0.895 0.287 
0.074 0.125 0.592 0.482 0.627 0.378 0.833 0.438 0.672 0.988 
0.512 0.396 0.740 0.692 0.833 0.816 0.867 0.687 0.150 0.587 
0.760 0.358 0.799 0.054 0.206 0.278 0.613 0.280 0.238 0.999 
0.705 0.656 0.905 0.420 0.214 0.573 0.175 0.533 0.249 0.830 
0.882 0.388 0.083 0.286 0.294 0.439 0.221 0.552 0.451 0.594 
0.023 0.656 0.355 0.580 0.477 0.771 0.304 0.960 0.209 0.815 
0.667 0.311 0.475 0.136 0.217 0.951 0.324 0.887 0.864 0.320 
0.309 0.463 0.200 0.998 0.752 0.221 0.432 0.386 0.605 0.372 
0.585 0.420 0.554 0.138 0.167 0.480 0.263 0.258 0.472 0.619 
0.929 0.596 0.995 0.040 0.853 0.415 0.269 0.355 0.062 0.716 
0.070 0.939 0.364 0.072 0.163 0.644 0.823 0.589 0.366 0.262 
0.226 0.060 0.426 0.290 0.343 0.558 0.259 0.286 0.216 0.228 
0.200 0.180 0.113 0.981 0.911 0.684 0.309 0.795 0.696 0.748 
0.180 0.076 0.225 0.144 0.200 0.675 0.842 0.055 0.987 0.680 
0.994 0.834 0.357 0.487 0.956 0.790 0.767 0.044 0.678 0.102 
0.359 0.478 0.437 0.067 0.475 0.954 0.934 0.864 0.555 0.512 
0.996 0.855 0.232 0.996 0.827 0.137 0.483 0.321 0.852 0.368 
0.284 0.457 0.863 0.686 0.238 0.887 0.230 0.406 0.413 0.317 
0.592 0.690 0.441 0.521 0.399 0.847 0.019 0.638 0.414 0.129 
0.381 0.148 0.215 0.797 0.472 0.318 0.958 0.138 0.084 0.014 
0.715 0.177 0.946 0.547 0.274 0.494 0.663 0.081 0.686 0.038 
0.049 0.387 0.536 0.869 0.262 0.181 0.528 0.891 0.388 0.820 
0.012 0.622 0.996 0.881 0.600 0.029 0.927 0.334 0.828 0.151 
0.641 0.855 0.206 0.513 0.703 0.980 0.235 0.792 0.437 0.900 
0.181 0.638 0.931 0.580 0.748 0.319 0.550 0.042 0.583 0.805 
0.385 0.482 0.245 0.845 0.708 0.007 0.043 0.554 0.613 0.078 
0.073 0.954 0.217 0.376 0.477 0.529 0.475 0.846 0.541 0.874 
0.446 0.825 0.400 0.582 0.557 0.273 0.161 0.613 0.824 0.517 
0.055 0.879 0.893 0.629 0.402 0.188 0.947 0.726 0.487 0.265 
0.841 0.646 0.866 0.177 0.587 0.392 0.446 0.799 0.091 0.148 
0.525 0.294 0.743 0.955 0.072 0.023 0.554 0.117 0.324 0.793 
0.519 0.910 0.873 0.009 0.937 0.991 0.581 0.888 0.436 0.543 
0.983 0.567 0.298 0.485 0.123 0.575 0.357 0.346 0.950 0.631 
0.023 0.817 0.231 0.121 0.339 0.529 0.565 0.673 0.476 0.790 
0.624 0.267 0.596 0.238 0.805 0.110 0.105 0.432 0.623 0.985 
0.864 0.293 0.574 0.232 0.257 0.249 0.415 0.990 0.481 0.729 
0.410 0.725 0.142 0.444 0.373 0.468 0.029 0.076 0.679 0.954 
0.158 0.090 0.148 0.023 0.861 0.010 0.335 0.524 0.907 0.640 
0.734 0.177 0.117 0.881 0.530 0.068 0.433 0.683 0.571 0.209 
0.149 0.131 0.079 0.624 0.014 0.888 0.141 0.194 0.957 0.057 
0.591 0.373 0.180 0.477 0.445 0.989 0.350 0.282 0.223 0.884 
0.072 0.519 0.834 0.846 0.820 0.867 0.929 0.185 0.634 0.330 
0.150 0.849 0.470 0.322 0.933 0.967 0.552 0.667 0.778 0.386 
0.423 0.635 0.880 0.421 0.930 0.878 0.696 0.388 0.006 0.302 
0.158 0.793 0.089 0.260 0.180 0.281 0.207 0.503 0.761 0.383 
0.414 0.509 0.492 0.097 0.195 0.536 0.030 0.537 0.026 0.507 
0.504 0.989 0.345 0.451 0.635 0.655 0.604 0.550 0.960 0.742 
0.615 0.347 0.595 0.748 0.071 0.364 0.990 0.898 0.130 0.066 
0.974 0.787 0.468 0.364 0.495 0.185 0.724 0.317 0.226 0.467 
0.284 0.432 0.012 0.959 0.051 0.079 0.171 0.223 0.707 0.632 
0.208 0.142 0.958 0.463 0.472 0.405 0.600 0.198 0.066 0.967 
0.418 0.882 0.761 0.403 0.785 0.254 0.125 0.973 0.478 0.208 
0.332 0.927 0.582 0.415 0.944 0.968 0.501 0.018 0.334 0.274 
0.945 0.320 0.710 0.534 0.817 0.468 0.475 0.439 0.015 0.859 
0.449 0.722 0.945 0.093 0.368 0.327 0.964 0.368 0.255 0.774 
0.102 0.423 0.913 0.643 0.552 0.522 0.377 0.431 0.639 0.624 
0.421 0.349 0.213 0.695 0.852 0.537 0.533 0.139 0.244 0.805 
0.625 0.615 0.020 0.792 0.372 0.142 0.794 0.512 0.841 0.654 
0.345 0.749 0.776 0.179 0.972 0.001 0.460 0.030 0.549 0.499 
0.357 0.473 0.750 0.375 0.894 0.205 0.130 0.469 0.099 0.777 
0.389 0.374 0.138 0.842 0.888 0.721 0.294 0.152 0.954 0.067 
0.150 0.584 0.753 0.356 0.131 0.447 0.458 0.812 0.758 0.150 
0.429 0.692 0.943 0.044 0.541 0.478 0.052 0.715 0.572 0.584 
0.834 0.136 0.366 0.198 0.864 0.194 0.706 0.733 0.076 0.458 
0.303 0.403 0.960 0.041 0.998 0.361 0.332 0.686 0.561 0.097 
0.743 0.715 0.365 0.593 0.764 0.803 0.430 0.878 0.180 0.828 
0.569 0.366 0.835 0.322 0.322 0.625 0.470 0.748 0.287 0.121 
0.901 0.677 0.890 0.977 0.026 0.773 0.059 0.947 0.770 0.603 
0.515 0.587 0.621 0.133 0.107 0.752 0.058 0.362 0.423 0.397 
0.091 0.431 0.215 0.143 0.498 0.677 0.839 0.958 0.775 0.773 
0.820 0.819 0.376 0.544 0.155 0.103 0.781 0.946 0.995 0.049 
0.266 0.974 0.089 0.900 0.601 0.115 0.801 0.703 0.367 0.632 
0.692 0.250 0.188 0.220 0.055 0.302 0.730 0.021 0.207 0.659 
0.563 0.734 0.465 0.345 0.103 0.712 0.265 0.185 0.071 0.220 
0.380 0.838 0.804 0.672 0.370 0.715 0.969 0.788 0.821 0.467 
0.786 0.156 0.240 0.767 0.977 0.410 0.035 0.387 0.020 0.082 
0.585 0.011 0.033 0.531 0.155 0.960 0.882 0.482 0.272 0.698 
0.144 0.303 0.008 0.526 0.546 0.228 0.115 0.699 0.690 0.452 
0.969 0.392 0.446 0.320 0.207 0.758 0.504 0.265 0.078 0.176 
0.000 0.101 0.573 0.312 0.480 0.207 0.806 0.557 0.987 0.885 
0.809 0.071 0.228 0.227 0.394 0.939 0.502 0.315 0.684 0.265 
0.430 0.855 0.536 0.068 0.728 0.777 0.191 0.953 0.534 0.611 
0.996 0.803 0.787 0.546 0.534 0.542 0.462 0.321 0.026 0.179 
0.013 0.820 0.127 0.483 0.316 0.722 0.971 0.131 0.865 0.495 
